-15.000000, 2.000000, -9.500000, 2.000000
-8.500000, 2.000000, -0.500000, 2.000000
0.500000, 2.000000, 8.500000, 2.000000
9.500000, 2.000000, 15.000000, 2.000000
-15.000000, -2.000000, -9.500000, -2.000000
-8.500000, -2.000000, -0.500000, -2.000000
0.500000, -2.000000, 8.500000, -2.000000
9.500000, -2.000000, 15.000000, -2.000000
-15.000000, -2.000000, -15.000000, 2.000000
15.000000, -2.000000, 15.000000, 2.000000
-12.000000, 2.000000, -12.000000, 7.000000
-12.000000, 7.000000, -6.000000, 7.000000
-6.000000, 7.000000, -6.000000, 2.000000
-3.000000, 2.000000, -3.000000, 7.000000
-3.000000, 7.000000, 3.000000, 7.000000
3.000000, 7.000000, 3.000000, 2.000000
6.000000, 2.000000, 6.000000, 7.000000
6.000000, 7.000000, 12.000000, 7.000000
12.000000, 7.000000, 12.000000, 2.000000
-12.000000, -2.000000, -12.000000, -7.000000
-12.000000, -7.000000, -6.000000, -7.000000
-6.000000, -7.000000, -6.000000, -2.000000
-3.000000, -2.000000, -3.000000, -7.000000
-3.000000, -7.000000, 3.000000, -7.000000
3.000000, -7.000000, 3.000000, -2.000000
6.000000, -2.000000, 6.000000, -7.000000
6.000000, -7.000000, 12.000000, -7.000000
12.000000, -7.000000, 12.000000, -2.000000
